1	241202151444	E start
2	241202151444	LR 0127 0000000000000001
3	241202151445	LR 0127 0000000000000002
4	241202151446	# 2
5	241202151447	LR 0127 0000000000000003
6	241202151450	LR 0127 0000000000000004
7	241202151451	LR 0127 0000000000000005
8	241202151452	LR 0127 0000000000000006
9	241202151453	# 2
10	241202151454	LR 0127 0000000000000007
11	241202151457	LR 0127 0000000000000008
12	241202151458	LR 0127 0000000000000009
13	241202151459	LR 0127 0000000000000010
14	241202151501	# 2
15	241202151501	LR 0127 0000000000000011
16	241202151504	LR 0127 0000000000000012
17	241202151506	LR 0127 0000000000000013
18	241202151507	LR 0127 0000000000000014
19	241202151508	# 2
20	241202151508	LR 0127 0000000000000015
21	241202151512	LR 0127 0000000000000016
22	241202151513	LR 0127 0000000000000017
23	241202151514	LR 0127 0000000000000018
24	241202151515	# 2
25	241202151516	LR 0127 0000000000000019
26	241202151519	LR 0127 0000000000000020
27	241202151520	LR 0127 0000000000000021
28	241202151521	LR 0127 0000000000000022
29	241202151522	# 2
30	241202151523	LR 0127 0000000000000023
31	241202151526	LR 0127 0000000000000024
32	241202151527	LR 0127 0000000000000025
33	241202151528	LR 0127 0000000000000026
34	241202151529	# 2
35	241202151530	LR 0127 0000000000000027
36	241202151533	LR 0127 0000000000000028
37	241202151534	LR 0127 0000000000000029
38	241202151536	LR 0127 0000000000000030
39	241202151537	# 2
40	241202151537	LR 0127 0000000000000031
41	241202151540	LR 0127 0000000000000032
42	241202151542	LR 0127 0000000000000033
43	241202151543	LR 0127 0000000000000034
44	241202151544	# 2
45	241202151544	LR 0127 0000000000000035
46	241202151548	LR 0127 0000000000000036
